01 01 01 01 01 01 01 01 01 01 01 01 
01 00 00 01 00 00 00 sl 00 00 00 01 
01 00 00 01 00 00 00 sl 00 00 00 01 
01 00 00 01 00 01 01 01 00 00 00 01 
01 00 00 01 00 01 00 00 00 00 00 01 
01 00 00 01 00 01 00 00 00 00 00 01 
01 00 00 01 00 01 00 00 00 00 00 01 
01 00 00 01 00 01 00 00 00 00 00 01 
01 00 00 01 00 01 00 00 00 00 00 01 
01 00 00 01 00 01 00 00 00 00 00 01 
01 00 e2 01 00 01 e2 00 00 00 00 01 
01 00 e2 01 00 01 e2 00 00 00 00 01 
01 00 e2 01 00 01 e2 00 00 00 00 01 
01 00 e2 01 00 01 e2 00 00 00 00 01 
01 00 e2 01 00 01 e2 00 00 00 00 01 
01 00 e2 01 00 01 e2 00 00 00 00 01 
01 00 e2 01 00 01 e2 00 00 00 00 01 
01 00 e2 01 00 01 e2 00 00 00 00 01 
01 00 e2 01 00 01 e2 00 00 00 00 01 
01 00 e2 01 00 01 e2 00 00 00 00 01 
01 00 e2 01 00 01 e2 00 00 00 00 01 
01 00 e2 01 00 01 e2 00 00 00 00 01 
01 00 e2 01 00 01 e2 00 00 00 00 01 
01 00 e2 01 00 01 e2 00 00 00 00 01 
01 00 e2 01 00 01 e2 00 00 00 00 01 
01 00 e2 01 00 01 e2 00 00 00 00 01 
01 00 e2 01 00 01 e2 00 00 00 00 01 
01 00 e2 01 00 01 e2 00 00 00 00 01 
01 00 e2 01 00 01 e2 00 00 00 00 01 
01 00 e2 01 00 01 e2 00 00 00 00 01 
01 00 e2 01 00 01 e2 00 00 00 00 01 
01 00 e2 01 00 01 e2 00 00 00 00 01 
01 00 e2 01 00 01 e2 00 00 00 00 01 
01 00 e2 01 00 01 e2 00 00 00 00 01 
01 00 e2 01 00 01 e2 00 00 00 00 01 
01 00 e2 01 00 01 e2 00 00 00 00 01 
01 00 e2 01 00 01 e2 00 00 00 00 01 
01 00 e2 01 02 01 e2 00 00 00 00 01 
01 00 e2 01 nl 01 e2 00 00 00 00 01 
01 01 01 01 01 01 01 01 01 01 01 01 