01 01 01 01 01 01 01 01 01 01 01 01 01 01 01 01 01 01 01 01 
01 00 00 00 01 00 00 00 00 00 00 00 00 00 00 00 00 00 00 01 
01 00 00 00 01 00 00 00 00 00 00 00 00 00 00 00 00 e2 00 01 
01 00 00 00 01 01 01 01 01 01 01 00 00 00 00 00 e2 nl 00 01 
01 00 00 00 02 00 00 00 00 00 00 00 00 00 00 00 00 e2 00 01 
01 01 01 01 02 02 02 01 01 01 01 01 01 01 01 01 01 01 01 01 
01 00 00 00 00 00 00 00 00 00 e2 00 00 00 00 00 00 00 00 01 
01 00 00 00 00 00 00 00 00 00 e2 00 00 00 00 00 00 00 00 01 
01 00 00 00 00 00 00 00 00 00 e2 00 00 00 00 00 00 00 00 01 
01 00 00 00 00 00 00 00 00 00 00 00 00 00 00 00 00 00 00 01 
01 su su su su su su 04 04 su su su su su su su su su su 01 
01 01 01 01 01 01 01 01 01 01 01 01 01 01 01 01 01 01 01 01 
