01 01 01 01 01 01 01 01 01 01 01 01 01 01 01 01 01 01 01 01 
01 00 00 00 00 00 00 00 00 00 00 00 00 00 sd 00 01 00 00 01 
01 00 00 00 00 00 e1 00 00 00 00 00 00 00 00 00 01 00 00 01 
01 00 00 00 00 00 01 01 su 01 01 00 00 00 00 00 01 nl 00 01 
01 00 00 00 01 00 00 e2 01 00 00 00 00 00 01 00 00 e1 00 01 
01 01 01 00 00 00 00 00 01 01 01 e1 00 01 01 01 01 01 01 01 
01 00 00 00 00 00 00 00 00 00 01 01 01 01 e2 00 00 00 00 01 
01 00 00 00 00 00 00 00 00 00 00 00 00 00 00 00 00 00 00 01 
01 00 00 00 00 00 00 00 00 00 00 00 00 00 00 00 00 00 00 01 
01 00 00 00 00 00 00 00 00 00 00 00 00 00 00 00 00 00 00 01 
01 su su su su su su su su su su su su su su su su su su 01 
01 01 01 01 01 01 01 01 01 01 01 01 01 01 01 01 01 01 01 01 
