01 01 01 01 01 01 01 01 01 01 01 01 01 01 01 01 01 01 01 01 01 01 01 01 01 01 01 01 01 01 
01 00 00 00 00 00 00 sl 00 00 00 00 00 00 01 00 00 00 00 01 00 00 00 00 00 01 01 sd 01 01 
01 00 00 00 00 00 00 sl 00 00 00 00 00 00 01 00 00 00 00 01 00 00 00 00 00 01 sr nl sl 01 
01 01 01 01 00 00 00 sl 00 00 00 00 00 00 01 00 00 00 00 01 00 00 e1 00 00 01 sr 00 sl 01 
01 00 00 00 00 00 00 01 00 00 00 01 00 00 01 00 00 00 00 01 00 00 01 01 01 01 sr 00 sl 01 
01 00 00 00 00 00 00 01 04 00 00 01 00 00 00 00 01 00 00 00 00 00 00 00 00 01 00 00 00 01 
01 00 e1 00 e1 00 e1 01 01 00 00 01 00 e1 00 00 01 00 00 00 00 00 00 00 00 00 00 00 00 01 
01 00 03 03 03 03 03 01 00 00 00 01 01 01 01 01 01 00 00 04 00 00 00 00 00 00 01 04 01 01 
01 00 00 00 00 00 00 00 00 00 00 01 00 00 00 00 00 00 00 04 00 00 00 00 00 00 01 01 01 01 
01 00 00 00 00 00 00 00 00 00 00 01 00 00 00 00 00 00 00 04 00 00 00 00 00 00 01 01 01 01 
01 00 00 00 00 00 00 00 00 01 04 01 e1 00 00 00 00 00 00 04 00 00 00 00 01 04 01 01 01 01 
01 01 01 01 01 01 01 01 01 01 01 01 01 01 01 01 01 01 01 01 01 01 01 01 01 01 01 01 01 01 